0;0;0;0;0;0;0;0;0;0;
0;8.84;22.85;40.63;53.63;53.63;40.63;22.85;8.84;0;
0;22.85;65.57;124.7;171;171;124.7;65.57;22.85;0;
0;40.63;124.7;287.3;426.4;426.4;287.3;124.7;40.63;0;
0;53.63;171;426.4;1000;1000;426.4;171;53.63;0;
0;53.63;171;426.4;1000;1000;426.4;171;53.63;0;
0;40.63;124.7;287.3;426.4;426.4;287.3;124.7;40.63;0;
0;22.85;65.57;124.7;171;171;124.7;65.57;22.85;0;
0;8.84;22.85;40.63;53.63;53.63;40.63;22.85;8.84;0;
0;0;0;0;0;0;0;0;0;0;
